video01_006_B1_label_B1-0-0-0 240 295
video02_011_C1_label_C1-0-0-0 176 463
video03_007_B3_label_B3-0-0-0 0 218 284 527
video04_004_D1_label_D1-0-0-0 160 191
video05_000_B1_D1_C1_B2_label_B1-D1-C1-B2 352 390 460 591 2496 2655 3824 3955 4652 4663
video06_000_C2_label_C2-0-0-0 160 447
video07_002_C2_label_C2-0-0-0 0 66
video08_005_B1_B3_label_B1-B3-0-0 619 823 855 894 1143 1181
video08_000_B2_C2_B1_label_B2-C2-B1-0 24 543 851 1663 1710 1728 1943 1991 2480 2495
video09_000_C1_B3_B1_label_B2-C2-B1-0 0 831 1629 2223
video10_001_D1_label_D1-0-0-0 176 255 335 351 480 544 704 752
video10_004_D1_C1_label_D1_C1-0-0 192 271
video12_000_B2_D1_label_B2-D1-0-0 1029 1046 1135 1183 1296 1359 1440 1487 1664 1695 2624 2655 2928 2959 3184 3327 4448 4463
video16_002_B2_label_B2-0-0-0 210 319
video20_000_B2_C2_B1_B3_label_B2-B1-B3-C2 480 527 624 927 1056 1311
video31_002_C2_B2_label_C2-B2-0-0 160 191 224 303
video32_000_D1_label_D1-0-0-0 0 47 1856 1876 4064 4079
video33_000_C2_label_C2-0-0-0 0 490 1632 1903 1985 2095 2155 2623
video34_002_B2_C2_label_B2-C2-0-0 0 159
video43_001_C2_label_C2-0-0-0 48 79 144 239 324 415 448 479
video47_001_B1_label_B1-0-0-0 727 767
video47_003_C2_label_C2-0-0-0 112 191
video51_002_B2_C2_label_B2-C2-0-0 608 735
video52_002_C2_label_C2-0-0-0 320 351 400 511
video56_001_C2_label_C2-0-0-0 208 255
video60_001_B1_label_B1-0-0-0 192 207
video61_000_D1_label_D1-0-0-0 1856 2239 3424 3455 3520 3535 3648 3679 3728 4031 4624 4655
video68_000_B1_label_B1-0-0-0 533 595
video71_005_C2_label_C2-0-0-0 112 191
video72_001_B1_label_B1-0-0-0 80 95
video72_006_B3_label_B3-0-0-0 416 1071
video72_013_D2_label_D2-0-0-0 96 1119
video73_004_D2_label_D2-0-0-0 160 303
video73_007_D2_label_D2-0-0-0 0 16 80 255
video74_005_D2_label_D2-0-0-0 992 1296
video75_001_C2_B1_label_C2-B1-0-0 128 703
video76_010_D2_label_D2-0-0-0 368 543
video76_011_D2_label_D2-0-0-0 444 655
video77_002_C1_B2_B1_B3_label_C1-B2-B1-B3 544 1311 7248 7919
video78_000_B1_label_B1-0-0-0 535 591
video79_000_B1_B2_label_B1-B2-0-0 0 16 128 159
video79_004_B3_B1_label_B3-B1-0-0 240 687 785 815 944 959
video79_007_B2_label_B2-0-0-0 512 527
video79_009_B1_label_B1-0-0-0 196 575 896 927 1280 1359 1808 1823 2272 2303
video80_000_B2_label_B2-0-0-0 16 63 112 127 192 223