video01_006_B1_label_B1-0-0-0 240 295
video02_011_C1_label_C1-0-0-0 176 463
video03_007_B3_label_B3-0-0-0 0 218 284 527
video04_004_D1_label_D1-0-0-0 160 191
video05_000_B1_D1_C1_B2_label_B1-D1-C1-B2 352 390 460 591 2496 2655 3824 3955 4652 4663
video06_000_C2_label_C2-0-0-0 160 447
video07_002_C2_label_C2-0-0-0 0 66
video08_005_B1_B3_label_B1-B3-0-0 619 823 855 894 1143 1181
video08_000_B2_C2_B1_label_B2-C2-B1-0 24 543 851 1663 1710 1728 1943 1991 2480 2495
video09_000_C1_B3_B1_label_B2-C2-B1-0 0 831 1629 2223
video10_001_D1_label_D1-0-0-0 176 255 335 351 480 544 704 752
video10_004_D1_C1_label_D1_C1-0-0 192 271
video12_000_B2_D1_label_B2-D1-0-0 1029 1046 1135 1183 1296 1359 1440 1487 1664 1695 2624 2655 2928 2959 3184 3327 4448 4463
video16_002_B2_label_B2-0-0-0 210 319
video20_000_B2_C2_B1_B3_label_B2-B1-B3-C2 480 527 624 927 1056 1311
video31_002_C2_B2_label_C2-B2-0-0 160 191 224 303
video32_000_D1_label_D1-0-0-0 0 47 1856 1876 4064 4079
video33_000_C2_label_C2-0-0-0 0 490 1632 1903 1985 2095 2155 2623
video34_002_B2_C2_label_B2-C2-0-0 0 159
video43_001_C2_label_C2-0-0-0 48 79 144 239 324 415 448 479
video47_001_B1_label_B1-0-0-0 727 767
video47_003_C2_label_C2-0-0-0 112 191
video51_002_B2_C2_label_B2-C2-0-0 608 735
video52_002_C2_label_C2-0-0-0 320 351 400 511
video56_001_C2_label_C2-0-0-0 208 255
video60_001_B1_label_B1-0-0-0 192 207
video61_000_D1_label_D1-0-0-0 1856 2239 3424 3455 3520 3535 3648 3679 3728 4031 4624 4655
video68_000_B1_label_B1-0-0-0 533 595
video71_005_C2_label_C2-0-0-0 112 191
video72_001_B1_label_B1-0-0-0 80 95
video72_006_B3_label_B3-0-0-0 416 1071
video72_013_D2_label_D2-0-0-0 96 1119
video73_004_D2_label_D2-0-0-0 160 303
video73_007_D2_label_D2-0-0-0 0 16 80 255
video74_005_D2_label_D2-0-0-0 992 1296
video75_001_C2_B1_label_C2-B1-0-0 128 703
video76_010_D2_label_D2-0-0-0 368 543
video76_011_D2_label_D2-0-0-0 444 655
video77_002_C1_B2_B1_B3_label_C1-B2-B1-B3 544 1311 7248 7919
video78_000_B1_label_B1-0-0-0 535 591
video79_000_B1_B2_label_B1-B2-0-0 0 16 128 159
video79_004_B3_B1_label_B3-B1-0-0 240 687 785 815 944 959
video79_007_B2_label_B2-0-0-0 512 527
video79_009_B1_label_B1-0-0-0 196 575 896 927 1280 1359 1808 1823 2272 2303
video80_000_B2_label_B2-0-0-0 16 63 112 127 192 223
VID001A_000_B3_B1_label_B3-B1-0-0 0 3541 3760 3871 5495 5647 6420 6655
VID001B_006_B1_B3_label_B1-B3-0-0 64 431
VID001C_009_D2_label_D2-0-0-0 0 480 624 847
VID001C_015_D1_label_D1-0-0-0 272 399 480 527
VID001D_002_D2_label_D2-0-0-0 650 847
VID001E_006_C2_label_C2-0-0-0 128 175
VID001F_002_C1_C3_B3_label_C1-C3-B3-0 160 239 416 447 592 751 1280 1791
VID001F_004_B1_label_B1-0-0-0 69 83
VID001F_007_D1_D2_label_D1-D2-0-0 528 943
VID001G_003_C1_B1_label_C1-B1-0-0 32 111
VID001J_003_D1_D2_C1_label_D1-D2-C1-0 0 95 160 239
VID001K_000_C1_label_C1-0-0-0 0 687 992 1087
VID001L_003_B1_label_B1-0-0-0 16 138
VID001O_000_D2_D1_label_D2-D1-0-0 0 255 464 527 816 991
VID001R_005_B2_label_B2-0-0-0 208 479 608 847 1152 1167
VID001R_006_B3_label_B3-0-0-0 464 575
VID002A_012_D1_label_D1-0-0-0 80 127
VID002A_016_D1_label_D1-0-0-0 320 639 768 895
VID002A_028_B1_B3_label_B1-B3-0-0 800 1427 1530 2991
VID003A_015_D2_label_D2-0-0-0 0 319 400 735 1552 1583 1840 2479
VID004A_001_D2_D1_label_D2-D1-0-0 0 207 272 325 688 800 960 1071
VID004A_004_D2_label_D2-0-0-0 112 2887
VID004A_007_D1_D2_label_D1-D2-0-0 64 79 160 319
VID005A_004_B1_B3_label_B1-B3-0-0 192 511
VID005C_001_C2_label_C2-0-0-0 361 383
VID007A_000_D2_D1_B1_label_D2-D1-B1-0 176 303 384 435 538 599 661 698
VID007A_001_C2_D1_B1_label_C2-D1-B1-0 144 201 320 431 481 614
VID007A_002_D2_label_D2-0-0-0 0 1023
VID007A_003_D1_label_D1-0-0-0 368 479 496 607 672 1087
VID007A_004_D1_label_D1-0-0-0 208 495 608 687
VID007A_005_B1_D1_label_B1-D1-0-0 84 127 320 431 512 559 681 735
VID007A_006_D2_B2_label_D2-B2-0-0 576 1519
VID007A_008_D2_label_D2-0-0-0 0 447 528 928
VID007A_009_B1_label_B1-0-0-0 240 275
VID007A_010_D1_label_D1-0-0-0 384 575 880 943 1040 1231
VID007A_011_D1_B1_label_D1-B1-0-0 160 255 265 295
VID007A_012_B1_label_B1-0-0-0 208 351
VID007A_013_D2_D1_label_D2-D1-0-0 416 703
VID007A_014_D2_label_D2-0-0-0 111 415
VID007A_015_D1_label_D1-0-0-0 64 175
VID007A_016_B1_label_B1-0-0-0 80 157
VID007A_017_D2_D1_label_D2-D1-0-0 944 1727
VID007A_018_D1_D2_label_D1-D2-0-0 0 1999
VID007A_019_D1_D2_label_D1-D2-0-0 848 1743
VID008A_000_D1_D2_label_D1-D2-0-0 0 1887 1951 1999